a = [2 12 25];
b = [3 7 4];
c = a+b

