a = [3 5; 1 4];
b = 2*a
