a = [2 3; 1 4];
b = [5 1; 7 2];
c = a*b
